1
1
0.3
4.5
0
2
4.5
0
0
0.1
0
0
0
2
1
6
1
0
0.2
0
0
0
0
0.2
4500
0.75
1
0
2
110000
110000
27000
1
1
4.5
4.5
4.5
0.15
1
0
0
0
0.0036
0
20
0.135
0.5
0.135
0.0036
0
20
0.135
0.5
0.135
0
0
2.5
0.018
0.5
0.18
6000
0.1
0.5
0.1
0.1
7
0.001
0
1000
0
5
3
2
0
0
0
0
0
0
0
0
0
17
0
0
3300
0
0
12
0
0
0
0
10
10.5
4
-1
10.1
13
0
0
0
0
0
0
8
1
0
4.3
0
0
0
10
-1
1
0
0
1
1100
1300
0
0
0
0
1000
20
1
2
16
0.207369
983044
983052
983060
1
1
1
1
1
1
1
1
1
1
-1
-1
-1
0
0
1
0
0
0
0
0
0
0
0
0
0
0
0
0
0
0
0
0
0
0
0
0
1800
5
13
-18
5
13
-18
5
13
-18
0
0
0
0
0
0
1
1
1
0
10
0.005
0.6
3
0
50
500
1
100
400
1.4
1
10
10
300
0.25
1
1E-04
25
31
0
0.0005
0.03
60
500
3
1
1E-04
0.001
3
300
0
0.05
2.5
10
0
1
500
500
0.5
-1
2
25
0.1
0.7
0.5
500
0.5
0.1
300
0.5
0
0
1
100
0
2
150
0
7
8
5
0.6
10
5
0.3
3000
0.2
0
0
0
0
0
0
0
0
7
9
6
3
5
0
5
0
1
0
1
1
0.8
1
1
975
0
94502.796875
0
0
0
1
-1
0
0
0
0
1
1
5
10
0
0
0
0
140
127
100
-100
8
0
0
0
0
0
0
200
200
0
2
2
-256
1
0
0
0.001
0.001
0.001
1.001
1.001
1.001
2753036
0
0
0
1
1
1
0
20
0.001
0.001
0.001
1.001
1.001
1.001
2
2753028
127
0
1.7E-05
3E-05
5.9E-05
2752780
0
0
0
0
1.7E-05
1.8E-05
-1E-06
20
1
2752772
1024
32
20
0
0
0
0
0
0
0
0
0
0
0
0
2.5
1
1
1
0
1000
1
50
0
0
-1
0
0
0
8
1
1
176126
0
16
0
8
0
500
0
250
1
500
1250
0
0
4
4500
4500
4500
-4500
-4500
-4500
3
0
0
0
0
0
0
0
0
0
0
0
0
0
0
0
0
0
5
0
0
0
0
2
0
0
0
0
0
0
0.1
0.95
0.15
0.5
0.5
0.349055
200
1
1
0
0
3
0
199
0
3000
8
250
0
250
0
0
0
0
0
0
0
0
0
0
0
0
0
0
0
0
0
0
22
0
0
20
1
800
0.5
2
0
1
1
0.5
5
5
1
1000
2
5
1
0.3
0
0
1900
1100
0
0
1500
0
1900
1100
0
0
1500
0
1900
1100
0
0
1500
0
1900
1100
0
0
1500
0
1900
1100
0
0
1500
0
1900
1100
0
0
1500
0
1900
1100
0
0
1500
20
2000
1000
0
0
1500
20
2000
1000
0
0
1500
30
2000
1000
0
0
1500
20
2000
1000
0
0
1500
0
2000
1000
0
0
1500
0
2000
1000
0
0
1500
0
2000
1000
7
0
1500
0
2000
1000
0
0
1500
0
1900
1100
0
0
1500
2
1
3
4
0
3
490
0
13
-1
-1
-1
-1
-1
0
0
10
700
20
0
25
-1
0
0
0
0
1
3
0
-1
0
0
0
10
700
20
0
25
-1
0
0
0
0
1
3
0
-1
0
0
0
10
700
20
0
25
-1
0
0
0
0
1
3
0
-1
0
0
0
10
700
20
0
25
-1
0
0
0
0
1
3
0
-1
0
0
0
10
700
20
0
25
-1
0
0
0
0
1
3
0
-1
0
0
0
10
700
20
0
25
-1
0
0
0
0
1
3
0
-1
0
0
0
10
700
20
0
25
-1
0
0
0
0
1
3
0
-1
0
0
0
10
700
20
0
25
-1
0
0
0
0
1
3
0
-1
0
0
0
10
700
20
0
25
-1
0
0
0
0
1
3
0
-1
0
0
0
10
700
20
0
25
-1
0
0
0
0
1
3
0
-1
0
0.8
-1
1
0
100000
10
0.5
54
1
0
0
1500
0
0
3
5000
0
0
400
115
2
57
0
1
57
0
1
38
0
5
38
0
5
57
0
-1
57
0
-1
0
-1
15
0
1900
1100
0
1500
0
1900
1100
0
1500
0
1900
1100
0
1500
0
1900
1100
0
1500
0
1900
1100
0
1500
0
1900
1100
0
1500
0
1900
1100
0
1500
33
1900
1100
0
1500
34
1900
1100
0
1500
35
1900
1100
0
1500
36
1900
1100
0
1500
0
1900
1100
0
1500
0
1900
1100
0
1500
0
1900
1100
0
1500
0
1900
1100
0
1500
0
1900
1100
0
1500
50
4095
0
50
0
0
0
0
0
0
0
0
0
0
0
0
1000
-1
10000
0
0
0
0
0
0
0
0.5
0
0
0
0
0
0
12.6
0
0.05
5
0
1
1
0
0
0
0
0
10
0.05
-1
0
0
0
0
1
0
0
1
0
0
0
0
0
5
0
0
10
0
0
0
1
0
-1
0
2000
-1
1000
0
0
0
0
0
0
0
0
0
1
0
0
0
0
0
0
0
0
0
0
0
0
0
0
5
13
-18
0
0
0
0
-1
0
15
10
0
0
-35.363262
149.165237
100
0
353
16
0
0.14
0
0
0
0
0
0
0
0
0
12.1212
1
0
-1
-1
0
35
25
30
1
0
0
0
0
0
0
0
0
0
180
0
0
0
0
60
0.01
-1
0
4
4
4
4
4
0
4
4
4
4
0
0
0
0
0
0
0
0
0
0
0
0
0
0
0
0
0
0
0
0
0
0
0
0
0
0
0
0
0
0
2
300
11
1072
105602472
9692
0
0
255
120
1
0
0
1
0
100
0
18
0
100
0
0
0
0
0
0
0
0
100
100
200
1
500
150
250
0
2
